{
 "cells": [
  {
   "cell_type": "markdown",
   "id": "278f4967",
   "metadata": {},
   "source": [
    "# Data Pre-Processing Assignment\n",
    "\n",
    "### Brayan Gutierrez, Katie, Jericka"
   ]
  },
  {
   "cell_type": "code",
   "execution_count": 1,
   "id": "c3d2e0c1",
   "metadata": {},
   "outputs": [],
   "source": [
    "import pandas as pd"
   ]
  },
  {
   "cell_type": "code",
   "execution_count": 13,
   "id": "e54a2637",
   "metadata": {},
   "outputs": [
    {
     "name": "stdout",
     "output_type": "stream",
     "text": [
      "     sno  district        mandal       village    lat_gis   long_gis   gwl  \\\n",
      "0      1  ADILABAD      Adilabad      Adilabad  19.668300  78.524700  7.10   \n",
      "1      2  ADILABAD   Bazarhatnur   Bazarhatnur  19.458888  78.350833  3.35   \n",
      "2      3  ADILABAD   Gudihatnoor   Gudihatnoor  19.525555  78.512222  5.05   \n",
      "3      4  ADILABAD       Jainath       Jainath  19.730555  78.640000  2.10   \n",
      "4      5  ADILABAD       Narnoor       Narnoor  19.495665  78.852654  1.38   \n",
      "..   ...       ...           ...           ...        ...        ...   ...   \n",
      "363  375   YADADRI  S.Narayanpur  S.Narayanpur  17.144719  78.860010  9.90   \n",
      "364  376   YADADRI   Thurkapally    Gandamalla  17.733101  78.853831  5.74   \n",
      "365  377   YADADRI     Valigonda    T. somaram  17.399953  78.952290  1.72   \n",
      "366  378   YADADRI     Valigonda   Vemulakonda  17.347782  79.143433  1.65   \n",
      "367  379   YADADRI       Y.Gutta    Mallapuram  17.633555  78.911638  4.92   \n",
      "\n",
      "                season    pH   E.C  ...     SO4      Na      K     Ca  \\\n",
      "0    Post-monsoon 2020  8.01  1477  ...   33.00  171.00   9.00   24.0   \n",
      "1    Post-monsoon 2020  7.77   823  ...   13.50   70.00   3.00   16.0   \n",
      "2    Post-monsoon 2020  8.21   745  ...   10.50   65.00   3.00   16.0   \n",
      "3    Post-monsoon 2020   8.3   433  ...    7.25   31.00   1.00   16.0   \n",
      "4    Post-monsoon 2020  7.67   710  ...   14.50  129.00   2.00   32.0   \n",
      "..                 ...   ...   ...  ...     ...     ...    ...    ...   \n",
      "363  Post-monsoon 2020   7.8  2324  ...   33.00  169.30   2.60  160.0   \n",
      "364  Post-monsoon 2020  8.26  2109  ...   33.00  211.30  43.30   48.0   \n",
      "365  Post-monsoon 2020  8.77  1115  ...   15.00   60.44   3.04   80.0   \n",
      "366  Post-monsoon 2020  7.76  5053  ...  109.00  465.20   3.30  400.0   \n",
      "367  Post-monsoon 2020  8.13  2280  ...   34.00  170.70   5.60  152.0   \n",
      "\n",
      "          Mg          T.H       SAR  Classification  RSC  meq  / L  \\\n",
      "0     72.930   359.876645  3.919146            C3S1       0.602467   \n",
      "1     53.482   259.909539  1.887814            C3S1      -0.198191   \n",
      "2     48.620   239.917763  1.824544            C2S1       0.001645   \n",
      "3     29.172   159.950658  1.065714            C2S1      -0.199013   \n",
      "4      5.000    82.878289  6.160862            C2S1       3.742434   \n",
      "..       ...          ...       ...             ...            ...   \n",
      "363   97.240   799.835526  2.602728            C4S1      -8.596711   \n",
      "364  116.688   599.802632  3.751176            C3S1      -3.396053   \n",
      "365   53.482   419.909539  1.282386            C3S1      -4.398191   \n",
      "366   92.378  1379.843750  5.444988            C4S1     -21.996875   \n",
      "367   97.240   779.835526  2.657689            C4S1     -11.596711   \n",
      "\n",
      "     Classification.1  \n",
      "0                P.S.  \n",
      "1                P.S.  \n",
      "2                P.S.  \n",
      "3                P.S.  \n",
      "4                U.S.  \n",
      "..                ...  \n",
      "363              P.S.  \n",
      "364              P.S.  \n",
      "365              P.S.  \n",
      "366              P.S.  \n",
      "367              P.S.  \n",
      "\n",
      "[368 rows x 26 columns]\n"
     ]
    }
   ],
   "source": [
    "ground_water = pd.read_csv(\"ground_water_quality_2020_post.csv\")\n",
    "ground_water_df = pd.DataFrame(ground_water)\n",
    "ground_water_df = ground_water_df.loc[:, ~ground_water_df.columns.str.contains('^Unnamed')]\n",
    "print(ground_water_df)"
   ]
  },
  {
   "cell_type": "code",
   "execution_count": 14,
   "id": "0e36976a",
   "metadata": {},
   "outputs": [
    {
     "data": {
      "text/html": [
       "<div>\n",
       "<style scoped>\n",
       "    .dataframe tbody tr th:only-of-type {\n",
       "        vertical-align: middle;\n",
       "    }\n",
       "\n",
       "    .dataframe tbody tr th {\n",
       "        vertical-align: top;\n",
       "    }\n",
       "\n",
       "    .dataframe thead th {\n",
       "        text-align: right;\n",
       "    }\n",
       "</style>\n",
       "<table border=\"1\" class=\"dataframe\">\n",
       "  <thead>\n",
       "    <tr style=\"text-align: right;\">\n",
       "      <th></th>\n",
       "      <th>sno</th>\n",
       "      <th>lat_gis</th>\n",
       "      <th>long_gis</th>\n",
       "      <th>gwl</th>\n",
       "      <th>E.C</th>\n",
       "      <th>TDS</th>\n",
       "      <th>CO3</th>\n",
       "      <th>HCO3</th>\n",
       "      <th>Cl</th>\n",
       "      <th>F</th>\n",
       "      <th>NO3</th>\n",
       "      <th>SO4</th>\n",
       "      <th>Na</th>\n",
       "      <th>K</th>\n",
       "      <th>Ca</th>\n",
       "      <th>Mg</th>\n",
       "      <th>T.H</th>\n",
       "      <th>SAR</th>\n",
       "      <th>RSC  meq  / L</th>\n",
       "    </tr>\n",
       "  </thead>\n",
       "  <tbody>\n",
       "    <tr>\n",
       "      <th>sno</th>\n",
       "      <td>1.000000</td>\n",
       "      <td>-0.172931</td>\n",
       "      <td>-0.216542</td>\n",
       "      <td>0.045051</td>\n",
       "      <td>0.062600</td>\n",
       "      <td>0.062600</td>\n",
       "      <td>-0.008787</td>\n",
       "      <td>-0.016264</td>\n",
       "      <td>0.077971</td>\n",
       "      <td>0.034781</td>\n",
       "      <td>0.062389</td>\n",
       "      <td>0.019419</td>\n",
       "      <td>0.006299</td>\n",
       "      <td>0.017872</td>\n",
       "      <td>0.106382</td>\n",
       "      <td>0.032004</td>\n",
       "      <td>0.084059</td>\n",
       "      <td>-0.037646</td>\n",
       "      <td>-0.094210</td>\n",
       "    </tr>\n",
       "    <tr>\n",
       "      <th>lat_gis</th>\n",
       "      <td>-0.172931</td>\n",
       "      <td>1.000000</td>\n",
       "      <td>0.105048</td>\n",
       "      <td>0.110441</td>\n",
       "      <td>-0.256520</td>\n",
       "      <td>-0.256520</td>\n",
       "      <td>-0.138918</td>\n",
       "      <td>-0.096132</td>\n",
       "      <td>-0.243042</td>\n",
       "      <td>-0.079809</td>\n",
       "      <td>-0.213994</td>\n",
       "      <td>-0.037193</td>\n",
       "      <td>-0.251924</td>\n",
       "      <td>-0.086261</td>\n",
       "      <td>-0.163562</td>\n",
       "      <td>-0.138935</td>\n",
       "      <td>-0.182787</td>\n",
       "      <td>-0.198284</td>\n",
       "      <td>0.138867</td>\n",
       "    </tr>\n",
       "    <tr>\n",
       "      <th>long_gis</th>\n",
       "      <td>-0.216542</td>\n",
       "      <td>0.105048</td>\n",
       "      <td>1.000000</td>\n",
       "      <td>-0.156937</td>\n",
       "      <td>-0.093786</td>\n",
       "      <td>-0.093786</td>\n",
       "      <td>0.039951</td>\n",
       "      <td>-0.043161</td>\n",
       "      <td>-0.103398</td>\n",
       "      <td>0.016042</td>\n",
       "      <td>-0.004979</td>\n",
       "      <td>-0.078152</td>\n",
       "      <td>-0.013456</td>\n",
       "      <td>0.050367</td>\n",
       "      <td>-0.222342</td>\n",
       "      <td>-0.014088</td>\n",
       "      <td>-0.143225</td>\n",
       "      <td>0.063077</td>\n",
       "      <td>0.129983</td>\n",
       "    </tr>\n",
       "    <tr>\n",
       "      <th>gwl</th>\n",
       "      <td>0.045051</td>\n",
       "      <td>0.110441</td>\n",
       "      <td>-0.156937</td>\n",
       "      <td>1.000000</td>\n",
       "      <td>-0.071615</td>\n",
       "      <td>-0.071615</td>\n",
       "      <td>-0.058030</td>\n",
       "      <td>0.002658</td>\n",
       "      <td>-0.071928</td>\n",
       "      <td>-0.040734</td>\n",
       "      <td>-0.049443</td>\n",
       "      <td>-0.027606</td>\n",
       "      <td>-0.109790</td>\n",
       "      <td>-0.086051</td>\n",
       "      <td>0.102040</td>\n",
       "      <td>-0.120111</td>\n",
       "      <td>-0.010665</td>\n",
       "      <td>-0.092359</td>\n",
       "      <td>0.009835</td>\n",
       "    </tr>\n",
       "    <tr>\n",
       "      <th>E.C</th>\n",
       "      <td>0.062600</td>\n",
       "      <td>-0.256520</td>\n",
       "      <td>-0.093786</td>\n",
       "      <td>-0.071615</td>\n",
       "      <td>1.000000</td>\n",
       "      <td>1.000000</td>\n",
       "      <td>-0.096712</td>\n",
       "      <td>0.524435</td>\n",
       "      <td>0.941430</td>\n",
       "      <td>0.076520</td>\n",
       "      <td>0.574591</td>\n",
       "      <td>0.500111</td>\n",
       "      <td>0.830822</td>\n",
       "      <td>0.263196</td>\n",
       "      <td>0.686403</td>\n",
       "      <td>0.774735</td>\n",
       "      <td>0.880114</td>\n",
       "      <td>0.450851</td>\n",
       "      <td>-0.678378</td>\n",
       "    </tr>\n",
       "    <tr>\n",
       "      <th>TDS</th>\n",
       "      <td>0.062600</td>\n",
       "      <td>-0.256520</td>\n",
       "      <td>-0.093786</td>\n",
       "      <td>-0.071615</td>\n",
       "      <td>1.000000</td>\n",
       "      <td>1.000000</td>\n",
       "      <td>-0.096712</td>\n",
       "      <td>0.524435</td>\n",
       "      <td>0.941430</td>\n",
       "      <td>0.076520</td>\n",
       "      <td>0.574591</td>\n",
       "      <td>0.500111</td>\n",
       "      <td>0.830822</td>\n",
       "      <td>0.263196</td>\n",
       "      <td>0.686403</td>\n",
       "      <td>0.774735</td>\n",
       "      <td>0.880114</td>\n",
       "      <td>0.450851</td>\n",
       "      <td>-0.678378</td>\n",
       "    </tr>\n",
       "    <tr>\n",
       "      <th>CO3</th>\n",
       "      <td>-0.008787</td>\n",
       "      <td>-0.138918</td>\n",
       "      <td>0.039951</td>\n",
       "      <td>-0.058030</td>\n",
       "      <td>-0.096712</td>\n",
       "      <td>-0.096712</td>\n",
       "      <td>1.000000</td>\n",
       "      <td>-0.074853</td>\n",
       "      <td>-0.099416</td>\n",
       "      <td>0.106792</td>\n",
       "      <td>-0.109841</td>\n",
       "      <td>-0.039184</td>\n",
       "      <td>0.072347</td>\n",
       "      <td>-0.014435</td>\n",
       "      <td>-0.233570</td>\n",
       "      <td>-0.100268</td>\n",
       "      <td>-0.201288</td>\n",
       "      <td>0.226496</td>\n",
       "      <td>0.222067</td>\n",
       "    </tr>\n",
       "    <tr>\n",
       "      <th>HCO3</th>\n",
       "      <td>-0.016264</td>\n",
       "      <td>-0.096132</td>\n",
       "      <td>-0.043161</td>\n",
       "      <td>0.002658</td>\n",
       "      <td>0.524435</td>\n",
       "      <td>0.524435</td>\n",
       "      <td>-0.074853</td>\n",
       "      <td>1.000000</td>\n",
       "      <td>0.288696</td>\n",
       "      <td>0.468030</td>\n",
       "      <td>0.167041</td>\n",
       "      <td>0.185383</td>\n",
       "      <td>0.641987</td>\n",
       "      <td>0.102123</td>\n",
       "      <td>0.205127</td>\n",
       "      <td>0.313775</td>\n",
       "      <td>0.312578</td>\n",
       "      <td>0.634940</td>\n",
       "      <td>0.123728</td>\n",
       "    </tr>\n",
       "    <tr>\n",
       "      <th>Cl</th>\n",
       "      <td>0.077971</td>\n",
       "      <td>-0.243042</td>\n",
       "      <td>-0.103398</td>\n",
       "      <td>-0.071928</td>\n",
       "      <td>0.941430</td>\n",
       "      <td>0.941430</td>\n",
       "      <td>-0.099416</td>\n",
       "      <td>0.288696</td>\n",
       "      <td>1.000000</td>\n",
       "      <td>-0.066392</td>\n",
       "      <td>0.435880</td>\n",
       "      <td>0.414457</td>\n",
       "      <td>0.720918</td>\n",
       "      <td>0.183372</td>\n",
       "      <td>0.685785</td>\n",
       "      <td>0.781656</td>\n",
       "      <td>0.883793</td>\n",
       "      <td>0.293949</td>\n",
       "      <td>-0.788589</td>\n",
       "    </tr>\n",
       "    <tr>\n",
       "      <th>F</th>\n",
       "      <td>0.034781</td>\n",
       "      <td>-0.079809</td>\n",
       "      <td>0.016042</td>\n",
       "      <td>-0.040734</td>\n",
       "      <td>0.076520</td>\n",
       "      <td>0.076520</td>\n",
       "      <td>0.106792</td>\n",
       "      <td>0.468030</td>\n",
       "      <td>-0.066392</td>\n",
       "      <td>1.000000</td>\n",
       "      <td>-0.069205</td>\n",
       "      <td>0.043875</td>\n",
       "      <td>0.292615</td>\n",
       "      <td>-0.026086</td>\n",
       "      <td>-0.129157</td>\n",
       "      <td>-0.062943</td>\n",
       "      <td>-0.115951</td>\n",
       "      <td>0.544564</td>\n",
       "      <td>0.336173</td>\n",
       "    </tr>\n",
       "    <tr>\n",
       "      <th>NO3</th>\n",
       "      <td>0.062389</td>\n",
       "      <td>-0.213994</td>\n",
       "      <td>-0.004979</td>\n",
       "      <td>-0.049443</td>\n",
       "      <td>0.574591</td>\n",
       "      <td>0.574591</td>\n",
       "      <td>-0.109841</td>\n",
       "      <td>0.167041</td>\n",
       "      <td>0.435880</td>\n",
       "      <td>-0.069205</td>\n",
       "      <td>1.000000</td>\n",
       "      <td>0.189947</td>\n",
       "      <td>0.393070</td>\n",
       "      <td>0.469248</td>\n",
       "      <td>0.441330</td>\n",
       "      <td>0.444477</td>\n",
       "      <td>0.533704</td>\n",
       "      <td>0.157274</td>\n",
       "      <td>-0.481907</td>\n",
       "    </tr>\n",
       "    <tr>\n",
       "      <th>SO4</th>\n",
       "      <td>0.019419</td>\n",
       "      <td>-0.037193</td>\n",
       "      <td>-0.078152</td>\n",
       "      <td>-0.027606</td>\n",
       "      <td>0.500111</td>\n",
       "      <td>0.500111</td>\n",
       "      <td>-0.039184</td>\n",
       "      <td>0.185383</td>\n",
       "      <td>0.414457</td>\n",
       "      <td>0.043875</td>\n",
       "      <td>0.189947</td>\n",
       "      <td>1.000000</td>\n",
       "      <td>0.465397</td>\n",
       "      <td>0.119336</td>\n",
       "      <td>0.357648</td>\n",
       "      <td>0.341852</td>\n",
       "      <td>0.421471</td>\n",
       "      <td>0.249073</td>\n",
       "      <td>-0.354219</td>\n",
       "    </tr>\n",
       "    <tr>\n",
       "      <th>Na</th>\n",
       "      <td>0.006299</td>\n",
       "      <td>-0.251924</td>\n",
       "      <td>-0.013456</td>\n",
       "      <td>-0.109790</td>\n",
       "      <td>0.830822</td>\n",
       "      <td>0.830822</td>\n",
       "      <td>0.072347</td>\n",
       "      <td>0.641987</td>\n",
       "      <td>0.720918</td>\n",
       "      <td>0.292615</td>\n",
       "      <td>0.393070</td>\n",
       "      <td>0.465397</td>\n",
       "      <td>1.000000</td>\n",
       "      <td>0.199725</td>\n",
       "      <td>0.293574</td>\n",
       "      <td>0.505861</td>\n",
       "      <td>0.481099</td>\n",
       "      <td>0.802031</td>\n",
       "      <td>-0.204723</td>\n",
       "    </tr>\n",
       "    <tr>\n",
       "      <th>K</th>\n",
       "      <td>0.017872</td>\n",
       "      <td>-0.086261</td>\n",
       "      <td>0.050367</td>\n",
       "      <td>-0.086051</td>\n",
       "      <td>0.263196</td>\n",
       "      <td>0.263196</td>\n",
       "      <td>-0.014435</td>\n",
       "      <td>0.102123</td>\n",
       "      <td>0.183372</td>\n",
       "      <td>-0.026086</td>\n",
       "      <td>0.469248</td>\n",
       "      <td>0.119336</td>\n",
       "      <td>0.199725</td>\n",
       "      <td>1.000000</td>\n",
       "      <td>0.169819</td>\n",
       "      <td>0.106236</td>\n",
       "      <td>0.166514</td>\n",
       "      <td>0.102284</td>\n",
       "      <td>-0.126810</td>\n",
       "    </tr>\n",
       "    <tr>\n",
       "      <th>Ca</th>\n",
       "      <td>0.106382</td>\n",
       "      <td>-0.163562</td>\n",
       "      <td>-0.222342</td>\n",
       "      <td>0.102040</td>\n",
       "      <td>0.686403</td>\n",
       "      <td>0.686403</td>\n",
       "      <td>-0.233570</td>\n",
       "      <td>0.205127</td>\n",
       "      <td>0.685785</td>\n",
       "      <td>-0.129157</td>\n",
       "      <td>0.441330</td>\n",
       "      <td>0.357648</td>\n",
       "      <td>0.293574</td>\n",
       "      <td>0.169819</td>\n",
       "      <td>1.000000</td>\n",
       "      <td>0.377414</td>\n",
       "      <td>0.831414</td>\n",
       "      <td>-0.041893</td>\n",
       "      <td>-0.778533</td>\n",
       "    </tr>\n",
       "    <tr>\n",
       "      <th>Mg</th>\n",
       "      <td>0.032004</td>\n",
       "      <td>-0.138935</td>\n",
       "      <td>-0.014088</td>\n",
       "      <td>-0.120111</td>\n",
       "      <td>0.774735</td>\n",
       "      <td>0.774735</td>\n",
       "      <td>-0.100268</td>\n",
       "      <td>0.313775</td>\n",
       "      <td>0.781656</td>\n",
       "      <td>-0.062943</td>\n",
       "      <td>0.444477</td>\n",
       "      <td>0.341852</td>\n",
       "      <td>0.505861</td>\n",
       "      <td>0.106236</td>\n",
       "      <td>0.377414</td>\n",
       "      <td>1.000000</td>\n",
       "      <td>0.828331</td>\n",
       "      <td>0.115246</td>\n",
       "      <td>-0.719903</td>\n",
       "    </tr>\n",
       "    <tr>\n",
       "      <th>T.H</th>\n",
       "      <td>0.084059</td>\n",
       "      <td>-0.182787</td>\n",
       "      <td>-0.143225</td>\n",
       "      <td>-0.010665</td>\n",
       "      <td>0.880114</td>\n",
       "      <td>0.880114</td>\n",
       "      <td>-0.201288</td>\n",
       "      <td>0.312578</td>\n",
       "      <td>0.883793</td>\n",
       "      <td>-0.115951</td>\n",
       "      <td>0.533704</td>\n",
       "      <td>0.421471</td>\n",
       "      <td>0.481099</td>\n",
       "      <td>0.166514</td>\n",
       "      <td>0.831414</td>\n",
       "      <td>0.828331</td>\n",
       "      <td>1.000000</td>\n",
       "      <td>0.043724</td>\n",
       "      <td>-0.902846</td>\n",
       "    </tr>\n",
       "    <tr>\n",
       "      <th>SAR</th>\n",
       "      <td>-0.037646</td>\n",
       "      <td>-0.198284</td>\n",
       "      <td>0.063077</td>\n",
       "      <td>-0.092359</td>\n",
       "      <td>0.450851</td>\n",
       "      <td>0.450851</td>\n",
       "      <td>0.226496</td>\n",
       "      <td>0.634940</td>\n",
       "      <td>0.293949</td>\n",
       "      <td>0.544564</td>\n",
       "      <td>0.157274</td>\n",
       "      <td>0.249073</td>\n",
       "      <td>0.802031</td>\n",
       "      <td>0.102284</td>\n",
       "      <td>-0.041893</td>\n",
       "      <td>0.115246</td>\n",
       "      <td>0.043724</td>\n",
       "      <td>1.000000</td>\n",
       "      <td>0.251710</td>\n",
       "    </tr>\n",
       "    <tr>\n",
       "      <th>RSC  meq  / L</th>\n",
       "      <td>-0.094210</td>\n",
       "      <td>0.138867</td>\n",
       "      <td>0.129983</td>\n",
       "      <td>0.009835</td>\n",
       "      <td>-0.678378</td>\n",
       "      <td>-0.678378</td>\n",
       "      <td>0.222067</td>\n",
       "      <td>0.123728</td>\n",
       "      <td>-0.788589</td>\n",
       "      <td>0.336173</td>\n",
       "      <td>-0.481907</td>\n",
       "      <td>-0.354219</td>\n",
       "      <td>-0.204723</td>\n",
       "      <td>-0.126810</td>\n",
       "      <td>-0.778533</td>\n",
       "      <td>-0.719903</td>\n",
       "      <td>-0.902846</td>\n",
       "      <td>0.251710</td>\n",
       "      <td>1.000000</td>\n",
       "    </tr>\n",
       "  </tbody>\n",
       "</table>\n",
       "</div>"
      ],
      "text/plain": [
       "                    sno   lat_gis  long_gis       gwl       E.C       TDS  \\\n",
       "sno            1.000000 -0.172931 -0.216542  0.045051  0.062600  0.062600   \n",
       "lat_gis       -0.172931  1.000000  0.105048  0.110441 -0.256520 -0.256520   \n",
       "long_gis      -0.216542  0.105048  1.000000 -0.156937 -0.093786 -0.093786   \n",
       "gwl            0.045051  0.110441 -0.156937  1.000000 -0.071615 -0.071615   \n",
       "E.C            0.062600 -0.256520 -0.093786 -0.071615  1.000000  1.000000   \n",
       "TDS            0.062600 -0.256520 -0.093786 -0.071615  1.000000  1.000000   \n",
       "CO3           -0.008787 -0.138918  0.039951 -0.058030 -0.096712 -0.096712   \n",
       "HCO3          -0.016264 -0.096132 -0.043161  0.002658  0.524435  0.524435   \n",
       "Cl             0.077971 -0.243042 -0.103398 -0.071928  0.941430  0.941430   \n",
       "F              0.034781 -0.079809  0.016042 -0.040734  0.076520  0.076520   \n",
       "NO3            0.062389 -0.213994 -0.004979 -0.049443  0.574591  0.574591   \n",
       "SO4            0.019419 -0.037193 -0.078152 -0.027606  0.500111  0.500111   \n",
       "Na             0.006299 -0.251924 -0.013456 -0.109790  0.830822  0.830822   \n",
       "K              0.017872 -0.086261  0.050367 -0.086051  0.263196  0.263196   \n",
       "Ca             0.106382 -0.163562 -0.222342  0.102040  0.686403  0.686403   \n",
       "Mg             0.032004 -0.138935 -0.014088 -0.120111  0.774735  0.774735   \n",
       "T.H            0.084059 -0.182787 -0.143225 -0.010665  0.880114  0.880114   \n",
       "SAR           -0.037646 -0.198284  0.063077 -0.092359  0.450851  0.450851   \n",
       "RSC  meq  / L -0.094210  0.138867  0.129983  0.009835 -0.678378 -0.678378   \n",
       "\n",
       "                    CO3      HCO3        Cl         F      NO3        SO4  \\\n",
       "sno           -0.008787 -0.016264  0.077971  0.034781  0.062389  0.019419   \n",
       "lat_gis       -0.138918 -0.096132 -0.243042 -0.079809 -0.213994 -0.037193   \n",
       "long_gis       0.039951 -0.043161 -0.103398  0.016042 -0.004979 -0.078152   \n",
       "gwl           -0.058030  0.002658 -0.071928 -0.040734 -0.049443 -0.027606   \n",
       "E.C           -0.096712  0.524435  0.941430  0.076520  0.574591  0.500111   \n",
       "TDS           -0.096712  0.524435  0.941430  0.076520  0.574591  0.500111   \n",
       "CO3            1.000000 -0.074853 -0.099416  0.106792 -0.109841 -0.039184   \n",
       "HCO3          -0.074853  1.000000  0.288696  0.468030  0.167041  0.185383   \n",
       "Cl            -0.099416  0.288696  1.000000 -0.066392  0.435880  0.414457   \n",
       "F              0.106792  0.468030 -0.066392  1.000000 -0.069205  0.043875   \n",
       "NO3           -0.109841  0.167041  0.435880 -0.069205  1.000000  0.189947   \n",
       "SO4           -0.039184  0.185383  0.414457  0.043875  0.189947  1.000000   \n",
       "Na             0.072347  0.641987  0.720918  0.292615  0.393070  0.465397   \n",
       "K             -0.014435  0.102123  0.183372 -0.026086  0.469248  0.119336   \n",
       "Ca            -0.233570  0.205127  0.685785 -0.129157  0.441330  0.357648   \n",
       "Mg            -0.100268  0.313775  0.781656 -0.062943  0.444477  0.341852   \n",
       "T.H           -0.201288  0.312578  0.883793 -0.115951  0.533704  0.421471   \n",
       "SAR            0.226496  0.634940  0.293949  0.544564  0.157274  0.249073   \n",
       "RSC  meq  / L  0.222067  0.123728 -0.788589  0.336173 -0.481907 -0.354219   \n",
       "\n",
       "                     Na         K        Ca        Mg       T.H       SAR  \\\n",
       "sno            0.006299  0.017872  0.106382  0.032004  0.084059 -0.037646   \n",
       "lat_gis       -0.251924 -0.086261 -0.163562 -0.138935 -0.182787 -0.198284   \n",
       "long_gis      -0.013456  0.050367 -0.222342 -0.014088 -0.143225  0.063077   \n",
       "gwl           -0.109790 -0.086051  0.102040 -0.120111 -0.010665 -0.092359   \n",
       "E.C            0.830822  0.263196  0.686403  0.774735  0.880114  0.450851   \n",
       "TDS            0.830822  0.263196  0.686403  0.774735  0.880114  0.450851   \n",
       "CO3            0.072347 -0.014435 -0.233570 -0.100268 -0.201288  0.226496   \n",
       "HCO3           0.641987  0.102123  0.205127  0.313775  0.312578  0.634940   \n",
       "Cl             0.720918  0.183372  0.685785  0.781656  0.883793  0.293949   \n",
       "F              0.292615 -0.026086 -0.129157 -0.062943 -0.115951  0.544564   \n",
       "NO3            0.393070  0.469248  0.441330  0.444477  0.533704  0.157274   \n",
       "SO4            0.465397  0.119336  0.357648  0.341852  0.421471  0.249073   \n",
       "Na             1.000000  0.199725  0.293574  0.505861  0.481099  0.802031   \n",
       "K              0.199725  1.000000  0.169819  0.106236  0.166514  0.102284   \n",
       "Ca             0.293574  0.169819  1.000000  0.377414  0.831414 -0.041893   \n",
       "Mg             0.505861  0.106236  0.377414  1.000000  0.828331  0.115246   \n",
       "T.H            0.481099  0.166514  0.831414  0.828331  1.000000  0.043724   \n",
       "SAR            0.802031  0.102284 -0.041893  0.115246  0.043724  1.000000   \n",
       "RSC  meq  / L -0.204723 -0.126810 -0.778533 -0.719903 -0.902846  0.251710   \n",
       "\n",
       "               RSC  meq  / L  \n",
       "sno                -0.094210  \n",
       "lat_gis             0.138867  \n",
       "long_gis            0.129983  \n",
       "gwl                 0.009835  \n",
       "E.C                -0.678378  \n",
       "TDS                -0.678378  \n",
       "CO3                 0.222067  \n",
       "HCO3                0.123728  \n",
       "Cl                 -0.788589  \n",
       "F                   0.336173  \n",
       "NO3                -0.481907  \n",
       "SO4                -0.354219  \n",
       "Na                 -0.204723  \n",
       "K                  -0.126810  \n",
       "Ca                 -0.778533  \n",
       "Mg                 -0.719903  \n",
       "T.H                -0.902846  \n",
       "SAR                 0.251710  \n",
       "RSC  meq  / L       1.000000  "
      ]
     },
     "execution_count": 14,
     "metadata": {},
     "output_type": "execute_result"
    }
   ],
   "source": [
    "ground_water_df.corr()"
   ]
  }
 ],
 "metadata": {
  "kernelspec": {
   "display_name": "Python 3 (ipykernel)",
   "language": "python",
   "name": "python3"
  },
  "language_info": {
   "codemirror_mode": {
    "name": "ipython",
    "version": 3
   },
   "file_extension": ".py",
   "mimetype": "text/x-python",
   "name": "python",
   "nbconvert_exporter": "python",
   "pygments_lexer": "ipython3",
   "version": "3.9.7"
  }
 },
 "nbformat": 4,
 "nbformat_minor": 5
}
